2.0
5.0
10.0
17.0
26.0
37.0
50.0
3.0
-2094.0444444444456
-2427.608888888889
-11935.431111111116
-10322.044444444437
-36985.81333333336
-12959.902222222208
4.0
-1425.0666666666664
-1612.4177777777763
-7663.92888888889
-6562.755555555546
-23314.56000000001
-8146.293333333321
5.0
-2984.6222222222236
-3264.622222222223
-14750.57777777779
-12435.111111111104
-43565.866666666705
-15124.311111111101
6.0
-1865.4399999999985
-1986.7555555555523
-8598.328888888884
-7146.755555555543
-24716.159999999993
-8530.826666666648
7.0
-3218.8977777777795
-3384.000000000001
-14322.631111111126
-11814.044444444444
-40566.61333333337
-13940.835555555548
8.0
11.0
16.0
23.0
32.0
43.0
56.0
