2.574556895231536 6.485984130873037
2.9744472351023177 5.2413454863502125
6.5064355197519 5.6957863994569
2.2560418315969804 5.452778659667034
6.373806828450002 5.3054152085629855
2.1765436643343006 4.8663042378679
6.131703953008416 4.979412283018085
5.917512054545682 3.9031889486803673
1.9155838428009018 6.228926827179543
5.1773139687896315 1.4409928045005012
4.905142669888799 2.0699892247061404
4.119328798775284 6.921985717898601
4.497838881545549 6.4855583534090036
1.0143824597566393 6.037328938240963
2.932501229166607 5.681305949358889
6.3555929664657285 4.719263909438442
1.1137856411081666 4.067997244345051
6.351688485875407 6.193602692158107
1.7162314306946 1.181125175930928
4.929795936072603 6.2117097546607365
