1.0 1.0 2.0000000000000004
2.0 1.0 5.000000000000001
3.0 1.0 10.000000000000002
4.0 1.0 16.999999999999996
5.0 1.0 26.000000000000004
6.0 1.0 37.00000000000001
7.0 1.0 49.999999999999986
1.0 2.0 16.999999999999996
2.0 2.0 106.63244588617526
3.0 2.0 140.96347642525984
4.0 2.0 151.2758451485181
5.0 2.0 145.15542811706078
6.0 2.0 119.16016971011378
7.0 2.0 65.0
1.0 3.0 81.99999999999996
2.0 3.0 236.495224422103
3.0 3.0 290.5536679447893
4.0 3.0 303.31115120448925
5.0 3.0 290.52674695391096
6.0 3.0 239.66492181515883
7.0 3.0 130.0
1.0 4.0 257.00000000000017
2.0 4.0 421.3659258814898
3.0 4.0 467.868931409044
4.0 4.0 482.99446246299874
5.0 4.0 479.3537541162964
6.0 4.0 437.83960707796354
7.0 4.0 304.99999999999983
1.0 5.0 626.0
2.0 5.0 670.2815220548363
3.0 5.0 668.7069245943837
4.0 5.0 673.5397466255927
5.0 5.0 714.4586949213049
6.0 5.0 732.8581276105409
7.0 5.0 674.0000000000003
1.0 6.0 1297.0
2.0 6.0 980.7782610881042
3.0 6.0 832.3718570762798
4.0 6.0 836.6705821942776
5.0 6.0 916.2996771987274
6.0 6.0 1128.72379602448
7.0 6.0 1345.0000000000002
1.0 7.0 2401.9999999999995
2.0 7.0 1148.9797299420648
3.0 7.0 935.9235638797895
4.0 7.0 902.5019223732711
5.0 7.0 1060.569076338439
6.0 7.0 1319.335989437131
7.0 7.0 2449.999999999999
